+---------------------------------+-------+--------+-------+-------+-------+
|               Name              |  Time | Delta  |  MSE  |  MSAD |  PSNR |
+---------------------------------+-------+--------+-------+-------+-------+
|        impulse[0.3, 0.5]        |  2.75 | -4.65  | 59.52 | 19.07 | 30.38 |
|    additive[0.3, 0.0, 255.0]    |  2.92 | -15.36 | 68.68 | 29.78 | 29.76 |
| multiplicatively[0.3, 0.0, 1.0] |  2.96 | -0.95  | 82.36 | 44.20 | 28.97 |
|          linear[3x3x9]          | 17.91 | -0.12  | 45.44 | 43.31 | 31.56 |
|      average_recursive[3x3]     | 38.35 | -0.22  | 40.35 | 41.85 | 32.07 |
|    local_histogram_filter[3]    | 27.51 | -15.66 | 87.49 | 54.07 | 28.71 |
|           average[3x3]          | 14.99 | -0.20  | 40.71 | 42.31 | 32.03 |
|           median[3x3]           | 39.36 | -3.60  | 41.30 | 29.58 | 31.97 |
+---------------------------------+-------+--------+-------+-------+-------+